rline = [ ['Time', '5 min/day', '10 min/day', '20 min/day', '30 min/day', '40 min/day', '50 min/day', '60 min/day', '70 min/day'],
['$10 hr',217,434,867,1300,1734,2167,2600,3034],
['$15 hr',326,650,1300,1950,2600,3250,3900,4550],
['$20 hr',434,867,1734,2600,3467,4334,5200,6067],
['$25 hr',542,1084,2167,3250,4334,5417,6500,7584],
['$30 hr',650,1300,2600,3900,5200,6500,7800,9100],
['$35 hr',759,1517,3034,4550,6067,7584,9100,10617],
['$40 hr',867,1734,3467,5200,6934,8667,10400,12134],
['$45 hr',976,1950,3900,5850,7800,9750,11700,13650],
['$50 hr',1084,2167,4334,6500,8667,10834,13000,15167]
];
